

Table 0:
	-4	-1	0	0	0	0	0	0	0
	3	1	-1	0	0	1	0	0	10
	1	1	0	-1	0	0	1	0	5
	1	0	0	0	-1	0	0	1	3


Table 1:
	0	-1	0	0	-4	0	0	4	12
	0	1	-1	0	3	1	0	-3	1
	0	1	0	-1	1	0	1	-1	2
	1	0	0	0	-1	0	0	1	3


Table 2:
	0	0,333	-1,333	0	0	1,333	0	0	13,333
	0	0,333	-0,333	0	1	0,333	0	-1	0,333
	0	0,667	0,333	-1	0	-0,333	1	0	1,667
	1	0,333	-0,333	0	0	0,333	0	0	3,333


Table 3:
	0	0	-1	0	-1	1	0	1	13
	0	1	-1	0	3	1	0	-3	1
	0	0	1	-1	-2	-1	1	2	1
	1	0	0	0	-1	0	0	1	3


Table 4:
	0	1	0	-1	1	2
	0	0	1	-1	-2	1
	1	0	0	0	-1	3
