

Table 0:
	11	8	6	14	10	10	1	0	0	0	0	0	0	40
	1	0	0	0	0	0	0	1	0	0	0	0	0	1
	0	1	0	0	0	0	0	0	1	0	0	0	0	1
	0	0	1	0	0	0	0	0	0	1	0	0	0	1
	0	0	0	1	0	0	0	0	0	0	1	0	0	1
	0	0	0	0	1	0	0	0	0	0	0	1	0	1
	0	0	0	0	0	1	0	0	0	0	0	0	1	1


Table 1:
	11	8	6	0	10	10	1	0	0	0	-14	0	0	26
	1	0	0	0	0	0	0	1	0	0	0	0	0	1
	0	1	0	0	0	0	0	0	1	0	0	0	0	1
	0	0	1	0	0	0	0	0	0	1	0	0	0	1
	0	0	0	1	0	0	0	0	0	0	1	0	0	1
	0	0	0	0	1	0	0	0	0	0	0	1	0	1
	0	0	0	0	0	1	0	0	0	0	0	0	1	1


Table 2:
	11	8	6	0	10	0	1	0	0	0	-14	0	-10	16
	1	0	0	0	0	0	0	1	0	0	0	0	0	1
	0	1	0	0	0	0	0	0	1	0	0	0	0	1
	0	0	1	0	0	0	0	0	0	1	0	0	0	1
	0	0	0	1	0	0	0	0	0	0	1	0	0	1
	0	0	0	0	1	0	0	0	0	0	0	1	0	1
	0	0	0	0	0	1	0	0	0	0	0	0	1	1


Table 3:
	11	0	6	0	10	0	1	0	-8	0	-14	0	-10	8
	1	0	0	0	0	0	0	1	0	0	0	0	0	1
	0	1	0	0	0	0	0	0	1	0	0	0	0	1
	0	0	1	0	0	0	0	0	0	1	0	0	0	1
	0	0	0	1	0	0	0	0	0	0	1	0	0	1
	0	0	0	0	1	0	0	0	0	0	0	1	0	1
	0	0	0	0	0	1	0	0	0	0	0	0	1	1


Table 4:
	11	0	0	0	10	0	1	0	-8	-6	-14	0	-10	2
	1	0	0	0	0	0	0	1	0	0	0	0	0	1
	0	1	0	0	0	0	0	0	1	0	0	0	0	1
	0	0	1	0	0	0	0	0	0	1	0	0	0	1
	0	0	0	1	0	0	0	0	0	0	1	0	0	1
	0	0	0	0	1	0	0	0	0	0	0	1	0	1
	0	0	0	0	0	1	0	0	0	0	0	0	1	1


Table 5:
	1	0	0	0	0,909	0	0,091	0	-0,727	-0,545	-1,273	0	-0,909	0,182
	0	0	0	0	-0,909	0	-0,091	1	0,727	0,545	1,273	0	0,909	0,818
	0	1	0	0	0	0	0	0	1	0	0	0	0	1
	0	0	1	0	0	0	0	0	0	1	0	0	0	1
	0	0	0	1	0	0	0	0	0	0	1	0	0	1
	0	0	0	0	1	0	0	0	0	0	0	1	0	1
	0	0	0	0	0	1	0	0	0	0	0	0	1	1


Table 6:
	1,1	0	0	0	1	0	0,1	0	-0,8	-0,6	-1,4	0	-1	0,2
	1	0	0	0	0	0	0	1	0	0	0	0	0	1
	0	1	0	0	0	0	0	0	1	0	0	0	0	1
	0	0	1	0	0	0	0	0	0	1	0	0	0	1
	0	0	0	1	0	0	0	0	0	0	1	0	0	1
	-1,1	0	0	0	0	0	-0,1	0	0,8	0,6	1,4	1	1	0,8
	0	0	0	0	0	1	0	0	0	0	0	0	1	1
