

Sub-Problem 0
-8	-5	0	0	0
1	1	1	0	6
9	5	0	1	45

0	-0,556	0	0,889	40
0	0,444	1	-0,111	1
1	0,556	0	0,111	5

0	0	1,25	0,75	41,25
0	1	2,25	-0,25	2,25
1	0	-1,25	0,25	3,75



Sub-Problem 0.1
0	0	1,25	0,75	0	41,25
0	1	2,25	-0,25	0	2,25
1	0	-1,25	0,25	0	3,75
0	0	1,25	-0,25	1	-0,75

0	0	5	0	3	39
0	1	1	0	-1	3
1	0	0	0	1	3
0	0	-5	1	-4	3



Sub-Problem 0.2
0	0	1,25	0,75	0	41,25
0	1	2,25	-0,25	0	2,25
1	0	-1,25	0,25	0	3,75
0	0	-1,25	0,25	1	-0,25

0	0	0	1	1	41
0	1	0	0,2	1,8	1,8
1	0	0	0	-1	4
0	0	1	-0,2	-0,8	0,2



Sub-Problem 0.2.1
0	0	0	1	1	0	41
0	1	0	0,2	1,8	0	1,8
1	0	0	0	-1	0	4
0	0	1	-0,2	-0,8	0	0,2
0	0	0	-0,2	-1,8	1	-0,8

0	0	0	0,889	0	0,556	40,556
0	1	0	0	0	1	1
1	0	0	0,111	0	-0,556	4,444
0	0	1	-0,111	0	-0,444	0,556
0	0	0	0,111	1	-0,556	0,444



Sub-Problem 0.2.1.1
0	0	0	0,889	0	0,556	0	40,556
0	1	0	0	0	1	0	1
1	0	0	0,111	0	-0,556	0	4,444
0	0	1	-0,111	0	-0,444	0	0,556
0	0	0	0,111	1	-0,556	0	0,444
0	0	0	-0,111	0	0,556	1	-0,444

0	0	0	0	0	5	8	37
0	1	0	0	0	1	0	1
1	0	0	0	0	0	1	4
0	0	1	0	0	-1	-1	1
0	0	0	0	1	0	1	0
0	0	0	1	0	-5	-9	4



Sub-Problem 0.2.1.2
0	0	0	0,889	0	0,556	0	40,556
0	1	0	0	0	1	0	1
1	0	0	0,111	0	-0,556	0	4,444
0	0	1	-0,111	0	-0,444	0	0,556
0	0	0	0,111	1	-0,556	0	0,444
0	0	0	0,111	0	-0,556	1	-0,556

0	0	0	1	0	0	1	40
0	1	0	0,2	0	0	1,8	0
1	0	0	0	0	0	-1	5
0	0	1	-0,2	0	0	-0,8	1
0	0	0	0	1	0	-1	1
0	0	0	-0,2	0	1	-1,8	1



Sub-Problem 0.2.2
0	0	0	1	1	0	41
0	1	0	0,2	1,8	0	1,8
1	0	0	0	-1	0	4
0	0	1	-0,2	-0,8	0	0,2
0	0	0	0,2	1,8	1	-0,2



This is the best solution of all the candidates:

0	0	0	1	0	0	1	40
0	1	0	0,2	0	0	1,8	0
1	0	0	0	0	0	-1	5
0	0	1	-0,2	0	0	-0,8	1
0	0	0	0	1	0	-1	1
0	0	0	-0,2	0	1	-1,8	1
